-8.540919489191955982e-01
-8.775224701876694899e-01
-7.951611761495193109e-01
-7.435202915912185739e-01
-8.118314210404794506e-01
-7.607331331565532206e-01
-1.069296878909925530e+00
-1.067585794151981071e+00
-9.816849239340900146e-01
-9.905358872605393161e-01
-1.204650028457518118e+00
-1.204055530677297314e+00
-1.156760036643714740e+00
-1.150741610129114134e+00
-1.277554502380656487e+00
-1.293843365788982069e+00
-1.252839065760561921e+00
-1.260390914631799530e+00
-1.303334288671798236e+00
-1.342636400878669978e+00
-1.338974835609834768e+00
-1.298912348996358546e+00
-8.772705522087463903e-01
-7.949535062415308273e-01
-8.116446306858974280e-01
-1.067413616572719270e+00
-9.813825184891797893e-01
-1.203462369613520710e+00
-1.156723079326833714e+00
-1.298051716731337235e+00
-1.251720628159138204e+00
-1.355204323204169503e+00
-1.350116714588190270e+00
2.844202852977656182e+00
2.940332186790152402e+00
2.425334102846885553e+00
2.662018954121219583e+00
1.957820385711971367e+00
1.999142053784898510e+00
2.881470090856972810e+00
2.405946068442396779e+00
2.379028420007545108e+00
3.357305308640816222e+00
3.407033569109910509e+00
3.186014522926730042e+00
3.283066517913301841e+00
3.664108153901911358e+00
3.730087369294159849e+00
3.558481171558597111e+00
3.611174924967619493e+00
3.356057317595905864e+00
3.027297014154199495e+00
3.635274003083292627e+00
3.409400307534845354e+00
4.048954369569610634e+00
4.392377021187360953e+00
3.938791824597962066e+00
3.956060603073068282e+00
4.604671525954081801e+00
4.481531894758544610e+01
5.566580035280537686e+00
4.468556796809208365e+00
3.911745147978775705e+00
3.670208156899571250e+00
4.122759987584776020e+00
3.944249216582524031e+00
2.966150413429877730e+00
2.760542137334109469e+00
2.732439923010658411e+00
2.982784756941770699e+00
2.856954155142781282e+00
2.819812629536421422e+00
3.921686210152851348e+00
3.844546130963786279e+00
3.804329213606129301e+00
3.702315178073849022e+00
3.692907015075986177e+00
3.645061623993126165e+00
3.049175836230516801e+00
2.932799262828499121e+00
2.929582088872375145e+00
3.051535150269722330e+00
2.975322184375610135e+00
2.972291711687485183e+00
3.598944332416648351e+00
3.581914795387928230e+00
3.559416157763651167e+00
3.435290767818643953e+00
3.430593009895299250e+00
3.408605934493644796e+00
3.050457492691626804e+00
2.992900493841874177e+00
2.992228540057104258e+00
3.033984456141860520e+00
2.992418693428297694e+00
2.992064851933585068e+00
3.326592661714764088e+00
3.323630668593908766e+00
3.307281174439124172e+00
3.231194666609706001e+00
3.230689200894079516e+00
3.217249385481027790e+00
-2.425143796118178230e+01
5.584282293182960544e+00
5.334630378503454118e+00
5.321883735628594181e+00
-3.585100345919012454e+01
-6.743949474311483527e+01
4.111577117323697905e+00
4.168145672674389957e+00
4.041050716871772863e+00
3.724013181132847183e+00
3.680976523669540423e+00
3.626106182745806983e+00
-1.168015895352380795e+01
6.152078092612312865e+00
5.795639464365805793e+00
-1.683936938064887912e+01
4.344860172647761587e+00
4.416567706479778366e+00
-6.518086127374726146e+00
6.852565284506156651e+00
6.389361775982868252e+00
-9.318064687257310297e+00
4.681755905312400046e+00
4.771143820260310697e+00
-4.132199783065260590e+00
7.553829652263468475e+00
7.097609502776188073e+00
-5.750705750486282852e+00
5.127335679487056375e+00
5.213567841239439282e+00
-3.271000302038166829e+00
7.900733428028635430e+00
7.719795212862876177e+00
-4.027681594278757160e+00
5.465528660738667277e+00
5.472047071577153865e+00
4.416983614587537410e+00
4.392732446909398014e+00
4.288884967714727381e+00
3.008232353501878453e+00
2.975095625442323310e+00
2.975133504285983665e+00
2.974671122817477364e+00
2.947092338475234108e+00
2.947126288530257820e+00
2.927859454980143994e+00
2.900673381144110330e+00
2.900529021725234635e+00
2.794228792819306140e+00
2.831196349881301977e+00
2.869862196837717594e+00
2.717867615414004678e+00
2.824054224276810299e+00
2.711344322675383722e+00
3.159730365654262574e+00
3.159380694301144654e+00
3.149153644762898718e+00
3.097700111931885658e+00
3.097641209405098017e+00
3.089209288402044340e+00
3.044102963786094129e+00
3.044068478273200817e+00
3.036325619123076525e+00
3.029562891023032556e+00
3.029741260720693052e+00
3.030169804100082409e+00
3.025835690324591987e+00
3.020240592157126258e+00
3.015350867466777274e+00
3.125391525604114040e+00
2.963451771720088335e+00
2.904793492036891411e+00
3.069560697281894956e+00
2.888825623267430753e+00
2.913113024871204715e+00
3.032807515634380557e+00
3.072440838617299441e+00
2.939501232254472907e+00
3.510681133266586595e+00
3.437913904344245708e+00
3.343670989139886807e+00
3.530210593869463231e+00
3.514761421046647349e+00
3.390193647015234291e+00
3.404212152136323333e+00
3.383812047276284485e+00
3.500841205219467955e+00
3.341887841068083009e+00
3.343174779821717735e+00
3.326961107326456446e+00
4.273550309644139844e+00
4.210425857845558006e+00
4.110538154232619590e+00
2.897310125141352444e+00
2.869314821081049960e+00
2.867291307607000572e+00
3.015864295873038614e+00
3.015701612198669501e+00
3.008144952535776184e+00
2.271583173419408297e+00
2.222853956948383392e+00
2.255538880713487959e+00
2.295177723521022894e+00
2.255812646381866404e+00
2.295876024637796053e+00
2.299401183296258644e+00
2.318040769253936872e+00
2.318155233964245721e+00
2.192256233512772656e+00
2.100470503376351772e+00
2.189444617383594416e+00
2.244326724940337137e+00
2.234402598524463546e+00
2.281682009657271859e+00
2.012248300241236798e+00
1.815351646708850408e+00
2.007331372778022871e+00
2.124805797544508490e+00
2.141822718573842099e+00
2.193192833667167552e+00
1.891166121516093090e+00
1.461963350219275037e+00
1.629283006169785164e+00
1.796519386242221961e+00
2.089509664930483179e+00
2.104786211145865060e+00
1.464114370127684417e+00
9.923514705326402785e-01
1.144639338100843062e+00
1.513124025057035915e+00
1.920215089077339954e+00
2.215499828357591294e+00
2.335987147629680738e+00
2.348788474276047644e+00
2.349422642482725365e+00
2.409352512526593770e+00
2.410275283353013442e+00
2.412286248589149196e+00
2.285632513025985801e+00
2.379746192288056950e+00
2.273429198018849018e+00
2.524896651733288699e+00
2.543883996746154175e+00
2.492782438293581038e+00
2.461624970920305522e+00
2.458272918656251971e+00
2.458802029574576942e+00
2.571985817836383692e+00
2.559556801645516355e+00
2.560528504933776262e+00
2.680351400939663176e+00
2.710184994273954207e+00
2.617457301867746278e+00
2.811474389563950016e+00
2.819616545046858214e+00
2.758334500581421267e+00
2.640254290897099398e+00
2.626196881584299536e+00
2.626464486719820357e+00
2.702270172866934050e+00
2.687813546604046255e+00
2.687718142573610081e+00
2.871824281509755661e+00
2.876305294967540505e+00
2.824155384120428103e+00
2.904207663831359199e+00
2.904997778075927961e+00
2.865874190465627525e+00
-1.657881251240239706e+01
4.174838770096545915e+00
4.105581412390169049e+00
4.107622428999086139e+00
-1.300970878336346814e+01
-9.546677415012441159e+00
3.513735596692887597e+00
3.559425429977182809e+00
3.506628608593629348e+00
2.992988944014994157e+00
2.906002405765595320e+00
2.868281223859008744e+00
-4.339910733765793083e+01
4.346545464674230530e+00
4.270063645808851227e+00
-3.026848857537947879e+01
3.616274869177307671e+00
3.655924436133412669e+00
-1.692821603879826284e+02
4.555693649073987217e+00
4.464288697242877468e+00
-8.139725329317096225e+01
3.713215219047378390e+00
3.751739135565636207e+00
-2.682243418471330756e+02
4.816157950915122221e+00
4.695922877056093903e+00
-1.680474663273971316e+02
3.818489520833302286e+00
3.859259993972498304e+00
5.003763689044227192e+00
3.945229019282322724e+00
3.948146082690138670e+00
4.978574407932802259e+00
3.569348589425357599e+00
3.554918234235236785e+00
3.472249417398487026e+00
-6.594070526909513319e+01
-9.192770688269784785e+01
2.720714496201813493e+00
2.706152552165906666e+00
2.705899480412958802e+00
2.713931681976312404e+00
2.698797301800239357e+00
2.698502617628864897e+00
2.640538734763561379e+00
2.620763902712499149e+00
2.620951240880588173e+00
1.803245712921130783e+00
2.187471856692703831e+00
2.255709060233534125e+00
1.666835919492168694e+00
2.193078037534699209e+00
1.661511096969778389e+00
1.473165442764236888e+00
1.242343291499528490e+00
1.220268844504107442e+00
1.509766524726916748e+00
1.191484147917570180e+00
1.188478319232432412e+00
1.635577052403744069e+00
1.713237883628534908e+00
1.418679008980881395e+00
2.006839494677265634e+00
1.843066294797028437e+00
1.702988606512518599e+00
2.904130629865446345e+00
2.904758266996657401e+00
2.871051542528929357e+00
2.886974292442283208e+00
2.887065087670513730e+00
2.857315545526235567e+00
2.840006497779697714e+00
2.839595665834783400e+00
2.807867514281462640e+00
2.598259290051106341e+00
2.729994646359243937e+00
2.732974709661922130e+00
2.559328808709262937e+00
2.667314970393352525e+00
2.480608301044015196e+00
2.874423377647874034e+00
2.679862707489438556e+00
2.643705094245747400e+00
2.835782846157257175e+00
2.589758658846832429e+00
2.595561288307598247e+00
2.849058767566043926e+00
2.867026698185672906e+00
2.678156243090791477e+00
3.308447055333556097e+00
3.235494467179212741e+00
3.093188641588874965e+00
2.554756032904331953e+00
2.520626718059979954e+00
2.521669226991516854e+00
2.803896656815842103e+00
2.802891091401083390e+00
2.766089633739785114e+00
2.221313551281061560e+00
2.223631794395696915e+00
2.255959511835185616e+00
2.254325757167488398e+00
2.255966416608464531e+00
2.254333421624111100e+00
2.223428176160191061e+00
2.255845156647982908e+00
2.255853601038085632e+00
2.100112674329113194e+00
2.104166019341744853e+00
2.191563225405728232e+00
2.188574805504278853e+00
2.103574592104450414e+00
2.191271747813097193e+00
1.823498605354460622e+00
1.833653138245074254e+00
2.019308373609090435e+00
2.014269827708341065e+00
1.831665628410493740e+00
2.018433625002184595e+00
1.517169603131144351e+00
1.515389645606876501e+00
1.663245837179887276e+00
1.649047554584923692e+00
1.399702158509791738e+00
1.384762583610818387e+00
1.383834562568873050e+00
1.398760174188966809e+00
1.512841245318996553e+00
1.660381952338173761e+00
1.382469827993262568e+00
1.381554757998087579e+00
2.850637981686394706e+00
2.112169146718088530e+00
2.943452313567622269e+00
2.420527906521744210e+00
1.981459765810275941e+00
1.957875578759801449e+00
3.362122217919953027e+00
3.001556779185655444e+00
3.408505864330908963e+00
3.185947801857724748e+00
3.670434285137720742e+00
3.429726840016471989e+00
3.730954481220912111e+00
3.557610001130616428e+00
4.071370429323918572e+00
3.730846785502838436e+00
4.393046474666162382e+00
3.932924083878001298e+00
4.698517860784487077e+00
4.173676631851212626e+00
4.743882570624605677e+01
5.299367644810601519e+00
4.169081335640866470e+00
3.968559656817512771e+00
3.930792410421637850e+00
3.678254158444832278e+00
3.639488668742881128e+00
3.411341241758948595e+00
3.354974445292295826e+00
2.869384822865580276e+00
2.366255470846191145e+00
2.328284679349405195e+00
3.022629383131954839e+00
3.955398255720697698e+00
3.934380890653230711e+00
3.824358033948516145e+00
3.702326426668507864e+00
3.720335376481095579e+00
3.660219953874722432e+00
2.957888716896733605e+00
2.807584987374022401e+00
2.706742616977309446e+00
2.845753798320393546e+00
2.985325266838138258e+00
2.818460761237751022e+00
3.586523740428600782e+00
3.575182637538070196e+00
3.546984596253739852e+00
3.465761163350182805e+00
3.468480755818528660e+00
3.439925050908187121e+00
3.034695837053444034e+00
2.924842637440367543e+00
2.917114462470649094e+00
2.973188802011335063e+00
3.054823565287767106e+00
2.968113131867330168e+00
3.331811776741777198e+00
3.328682518156867776e+00
3.311779958572782956e+00
3.256982378188917782e+00
3.257798685752610890e+00
3.242569699900585523e+00
3.048101184735356739e+00
2.990270475387651228e+00
2.989366671718919566e+00
2.996255464295539017e+00
3.041696688733059428e+00
2.995800120960828483e+00
3.179800250793794802e+00
3.179288317858179891e+00
3.168546337343246311e+00
3.115210639132215853e+00
3.114956738055799867e+00
3.106427160180198044e+00
3.019272594524263553e+00
2.984486729301769614e+00
2.984490227953659147e+00
2.988839681658090885e+00
2.960821668506846915e+00
2.960827242430604578e+00
5.698058624869810629e+00
-3.902605426230617525e+01
-2.881711447340667931e+01
5.516576520865360322e+00
-1.016564248710107279e+02
5.399880408426893652e+00
6.355718185266209908e+00
-1.703762165581703059e+01
-1.330628957046226901e+01
6.149973242786148653e+00
8.539308583549955145e+00
-3.782347337525000963e+00
-3.512739332166016748e+00
8.511093036697960912e+00
-4.490363696526066484e+00
8.092920008210434446e+00
7.203708995221261624e+00
-8.771878107986751161e+00
-7.227303795741589099e+00
6.980036063204397401e+00
-5.122523463737377547e+00
7.906785523370633229e+00
3.029425607972178192e+00
3.037379700595683740e+00
3.038437409666868927e+00
3.029159378098366773e+00
3.028702340094611145e+00
3.021961170339378722e+00
3.064909395057044073e+00
3.064901893286579693e+00
3.057089522686155192e+00
2.914924360253070557e+00
2.838541570891342403e+00
2.881009086542861031e+00
2.886941708467149148e+00
2.835936712571514029e+00
2.886067090236813293e+00
2.948582381883710912e+00
2.921724265825090150e+00
2.921426039932962126e+00
3.689049261480560560e+00
3.593583095658523074e+00
3.477282594672516769e+00
3.399314628939749117e+00
3.587894076162352341e+00
3.304516112421829188e+00
3.074291131567777224e+00
2.998729978594242063e+00
2.857543721594014929e+00
4.164353976681609559e+00
4.030274169505251081e+00
4.028795067062969082e+00
4.439306043604187124e+00
4.228478735152931378e+00
5.861652981711924504e+00
5.579097202898063657e+00
5.465186643306902958e+00
4.864592007945986119e+00
4.523314298098649822e+00
4.975849965480685810e+00
4.422196380309122432e+00
4.320786476423448264e+00
4.277632399834486954e+00
4.099600201958106815e+00
4.056007921381463710e+00
3.992632097577589523e+00
3.489526247558389915e+00
3.478894212411368425e+00
3.460689978837430569e+00
3.025265567051109272e+00
3.278767609102847480e+00
3.286816424844269502e+00
3.024657176272167014e+00
3.270510117490974089e+00
3.011378035553068155e+00
2.795793839560820615e+00
2.900974351201945911e+00
3.012607515153342241e+00
2.747758015475037841e+00
2.884895287972790268e+00
2.716575059035327033e+00
3.008440890591153050e+00
2.963494507980600101e+00
2.829222938033647772e+00
3.351862619756396988e+00
3.349969178553539262e+00
3.331240680290463718e+00
2.267495186240578775e+00
2.292261030255279053e+00
2.223062899278217763e+00
2.255654874953884281e+00
2.292389312118426670e+00
2.255922236876520603e+00
2.292865793450736600e+00
2.312414569062643199e+00
2.312550799629473186e+00
2.185427858648584465e+00
2.242796471314746576e+00
2.101053526648503755e+00
2.189735201691128896e+00
2.224046314926596768e+00
2.273992966451481745e+00
2.001339855269328449e+00
2.129552765484330035e+00
1.817390624103012664e+00
2.008280285045140889e+00
1.876602533426829700e+00
1.875211496959359625e+00
1.463922673786394846e+00
1.631948957527729727e+00
1.438796468159767583e+00
1.897081692323219215e+00
9.935988268488151753e-01
1.147495293978145092e+00
2.123035275912058317e+00
2.179262258559818921e+00
2.063921776791813656e+00
2.076957980926497083e+00
1.867346809010993480e+00
2.180967799405681085e+00
2.325858615381760419e+00
2.338926539292314200e+00
2.340661503211817429e+00
2.402986823417977646e+00
2.400464726501844837e+00
2.404385715115922917e+00
2.236614306862692469e+00
2.266096604391796721e+00
2.235594807904483616e+00
2.548655988077926260e+00
2.510557674495516700e+00
2.476456363427879559e+00
2.473443693403473365e+00
2.468695483165934235e+00
2.469794992273572909e+00
2.536081295168849170e+00
2.547710895675376452e+00
2.537479193557416579e+00
2.678081698784649856e+00
2.701720356782970622e+00
2.622187397687996135e+00
2.796281795883229115e+00
2.791012671610864526e+00
2.734666388317974040e+00
2.643204921698426357e+00
2.629482974465415346e+00
2.629832180530820462e+00
2.673201649517467970e+00
2.687761951868769650e+00
2.673218652967185971e+00
2.868567841362976267e+00
2.873826436802361606e+00
2.822233897828573035e+00
2.901117633620830194e+00
2.899810736237168118e+00
2.858785341959930726e+00
4.184756308958395898e+00
-1.077052116997230335e+01
-1.384423487289898524e+01
4.107098873813212592e+00
-8.911020460703392487e+00
4.121798995731028370e+00
2.723088984483275521e+00
2.708276347707907039e+00
2.708069077346569209e+00
2.727858514488756381e+00
2.712576698205946713e+00
2.712488724098976789e+00
4.353431675278351065e+00
-1.825458346145694932e+01
-2.881495308099379216e+01
4.254928297033885976e+00
4.570141686584734408e+00
-3.806575582320057549e+01
-7.540819264323606319e+01
4.450437400347108330e+00
4.847106804007417225e+00
-9.542160921768922321e+01
-2.070234284884987517e+02
4.707516811031139170e+00
2.910209419210977977e+00
2.911131841346525917e+00
2.876190132455348270e+00
2.899944319257170111e+00
2.900354667639891026e+00
2.870313587973905012e+00
5.052933289316229093e+00
-9.560960150675228419e+01
-6.850533387524954776e+01
5.051287322151209125e+00
2.897774548248745141e+00
2.768056310099938688e+00
1.924143264381863672e+00
1.748887052130319253e+00
2.763948805195993952e+00
1.605181817101410280e+00
1.391687321172823344e+00
1.331360956370542858e+00
1.120813863654767761e+00
3.545305081548088211e+00
3.499033342118198942e+00
3.499019142578053021e+00
2.582204418771995691e+00
2.209182355223183514e+00
2.274884714616161041e+00
2.551147424541614583e+00
2.211088810398595506e+00
2.551678275189920519e+00
2.669048188364953500e+00
2.650157126653568174e+00
2.650451157823014103e+00
1.861288777689615648e+00
1.446628357230099082e+00
1.673677445899821814e+00
1.757147981151641947e+00
1.411829323848740048e+00
1.737655031776318415e+00
3.638993823555325413e+00
3.592449244935283836e+00
3.734161988486659478e+00
3.681343497356190486e+00
3.842548812585370399e+00
3.776292723722545652e+00
2.824557562510789044e+00
2.739037750896036183e+00
2.746345687473799480e+00
2.822799068928470767e+00
2.681603950497084554e+00
2.788030833694135513e+00
2.861527559502503149e+00
2.861410010409436211e+00
2.830103402698755488e+00
3.933873917389790087e+00
3.887596326844750649e+00
3.527901694921379061e+00
3.465680819165631199e+00
3.423362758912513737e+00
3.273137040102596984e+00
3.189768053817923832e+00
3.046984564120207128e+00
2.807814581623969907e+00
2.738012870144921784e+00
2.522870837126010901e+00
2.604589999448808868e+00
2.695421381307662401e+00
2.798138372715975208e+00
2.598543298418140690e+00
2.615540799334361566e+00
2.492448441991943930e+00
1.462112488613937389e+00
1.435832803910367828e+00
1.175260870542565783e+00
2.761517237630638721e+00
2.736200576370362736e+00
2.517690404074359733e+00
3.349025601536144148e+00
3.144665491359909026e+00
3.286977683785960558e+00
3.192485211912313936e+00
3.597256278824926490e+00
3.440230545603683687e+00
3.502182193124014464e+00
3.439041929705767942e+00
3.658421653733235246e+00
3.603998064172383664e+00
3.278644114107128082e+00
3.162799401036695546e+00
3.206791644489561666e+00
3.138305575715495177e+00
3.450091610922318530e+00
3.356257272836821848e+00
3.330462495856541860e+00
3.278749188656512992e+00
3.497554612643982264e+00
3.378801780699657975e+00
3.161742885295522054e+00
3.109874487548642374e+00
3.113186333286031005e+00
3.077947295944678530e+00
3.250677737408611545e+00
3.210979118230018692e+00
3.176587331687336313e+00
3.151148621078492251e+00
3.284510385284967082e+00
3.203757973859180819e+00
3.871854560175651105e+00
3.821173509886082176e+00
4.062502032029324361e+00
3.997591333610607034e+00
4.217387938859171292e+00
3.069774590896312105e+00
3.041673155512936155e+00
3.025149878292228589e+00
3.002330756963466740e+00
2.976562782407817576e+00
2.954699840209088713e+00
3.118265339653579993e+00
3.097839786497121217e+00
3.064377837636355295e+00
3.048123219855410682e+00
3.013408364614120760e+00
2.998154077575361676e+00
3.138258387578327646e+00
3.080737734076911316e+00
3.028482922635743702e+00
2.899455671994396244e+00
2.911666377118112159e+00
2.940456638361209407e+00
2.842396479518903618e+00
2.972452653669590994e+00
2.971304939893296915e+00
2.990444964878501199e+00
2.933945091902495417e+00
3.010510500991912863e+00
2.994501705518092471e+00
3.677705600073062797e+00
3.608675212077400385e+00
3.297827830328488474e+00
3.180835006483548000e+00
3.101323139026848530e+00
3.220154459520041534e+00
3.167021430500045032e+00
3.194916177509257604e+00
3.421336369184305948e+00
3.340988454069725222e+00
3.242610323885023682e+00
3.323049430313544939e+00
3.260077383201632095e+00
3.278223965323070033e+00
3.452591625094862060e+00
3.337268714819811688e+00
3.317460499196015711e+00
3.867331446937028794e+00
3.784066762025894981e+00
4.002451516010615329e+00
2.947890967962957021e+00
2.925940743919705156e+00
2.985258593071270283e+00
2.970181199420677931e+00
3.000409167871264771e+00
2.292033246377206623e+00
2.321666949999555474e+00
2.404033885805370918e+00
2.399242101821791540e+00
2.239819797174934290e+00
2.259266164396355858e+00
2.419713931673237006e+00
2.382139733944309334e+00
2.214884371614905145e+00
2.398952427440672164e+00
2.472710108086240144e+00
2.464518825255467060e+00
2.604261114594817350e+00
2.580518208541289660e+00
2.513054833109070962e+00
2.484373515161256485e+00
2.663166510648617091e+00
2.622532048612762345e+00
2.554443225834317044e+00
2.699104654755435373e+00
2.677308913749149699e+00
2.652976149047344467e+00
2.739423761469739649e+00
2.715193043109797255e+00
2.737902567166097256e+00
2.701560474758017971e+00
2.794648535629467911e+00
2.761369244685452529e+00
2.776124647659049316e+00
2.825678521297516177e+00
3.176995080350669465e+00
3.108343837241254182e+00
3.334939469250342903e+00
3.278087075680136575e+00
3.424865048522796052e+00
2.757307673996608699e+00
2.734804411021019011e+00
2.751150857848310149e+00
2.729041708782858677e+00
2.687579052449069028e+00
2.660800658489869797e+00
2.049903033375701344e+00
2.326500035785175502e+00
2.397593466030283782e+00
1.924904783017064025e+00
2.808561322010307393e+00
2.779480274750827817e+00
2.800356980489800751e+00
2.773123026346741682e+00
2.745229498930612522e+00
2.714499343522062347e+00
2.276078050607390324e+00
2.472857307822465156e+00
2.538712303342637089e+00
2.155171048130994027e+00
2.837568201657013400e+00
2.827376482841630789e+00
2.775862132952883421e+00
2.609366146993842950e+00
2.368860678754599824e+00
1.834631509818827944e+00
1.524146090000974674e+00
1.519637474245767450e+00
1.860947078557962264e+00
1.940143511039575497e+00
2.043766250054551037e+00
2.411235591538496426e+00
2.227569721483473320e+00
2.790615818133216131e+00
2.637808092892197198e+00
2.234523156398996235e+00
1.931550368716721477e+00
1.922977130412368618e+00
2.249339021521970849e+00
2.291949453675899750e+00
2.387178138870695854e+00
2.974179334049975587e+00
2.330267817336958647e+00
2.313816433454084276e+00
2.605526561483707315e+00
2.622364729381844839e+00
2.588362938632868815e+00
2.693202433517633665e+00
2.657136455790090501e+00
2.730465155573437830e+00
3.768629994935410288e+00
3.605861767449161537e+00
3.545992841052135969e+00
3.352977735019437855e+00
3.264987164427872290e+00
3.173427236757463632e+00
3.295454778082345104e+00
3.425649522309701211e+00
3.513453101652265431e+00
3.599397579103449818e+00
3.499107196415556675e+00
3.436963943342763894e+00
3.414959768534729712e+00
3.356511355812502373e+00
3.360140781642352970e+00
3.263903422507214547e+00
3.162788683687341340e+00
3.157267015643446140e+00
3.223792007792137149e+00
3.310300123990791210e+00
3.288520404766934302e+00
3.253208342802342390e+00
3.227459971479150980e+00
3.198100118846860518e+00
3.212702961591288986e+00
3.161644771723462366e+00
3.169927318119619031e+00
3.128602332168269662e+00
3.108941359093130519e+00
3.089820815296959733e+00
3.156813746017324895e+00
3.135705599511144026e+00
3.097288255893568376e+00
3.080786181649646682e+00
3.084265100687013650e+00
3.054502639120270313e+00
3.113910070941007024e+00
3.063649512314871703e+00
3.040440791598530090e+00
3.016844434936104324e+00
3.017300274752928502e+00
3.014106535107647922e+00
2.999465353237652288e+00
2.999841809721095931e+00
3.049265405623299507e+00
3.034072906056569874e+00
2.977683702971022139e+00
2.984650129239283078e+00
2.950379828073006028e+00
2.963753699836478628e+00
3.018863390218796017e+00
2.997163589818937712e+00
2.918179208252514201e+00
2.941723652723237770e+00
2.975439990502426024e+00
3.839055683771553262e+00
3.724078428504880467e+00
3.639744060838084216e+00
3.569934806083048251e+00
4.034518727564229579e+00
3.878770405496415830e+00
4.082687945090369475e+00
3.807293452007069146e+00
3.731632557324478405e+00
3.908377378788526535e+00
3.253674460298487503e+00
3.194850271022893651e+00
3.380675229786719083e+00
3.335871679162214054e+00
3.430049331536808577e+00
3.239676596149418497e+00
2.999861336350339691e+00
3.221294138994784895e+00
2.969451961820689156e+00
3.166503350664938043e+00
2.946622594419043839e+00
3.136864841164754836e+00
2.898211583381236522e+00
3.055567996113352169e+00
2.863280224144086894e+00
3.163677848958147187e+00
3.131260083417744866e+00
3.269342686468538872e+00
3.247808445962598434e+00
3.319655548862672667e+00
2.276513659674335166e+00
2.304437768194731451e+00
2.392158799037549244e+00
2.391718273276966844e+00
2.212627959039098258e+00
2.219618273902921768e+00
2.375916291315860462e+00
2.402950791976953049e+00
2.119574475115021617e+00
2.399548459467137462e+00
2.486014376133689918e+00
2.474422780912427733e+00
2.552936199926452154e+00
2.577341401781264807e+00
2.525429932187923665e+00
2.491939488261380120e+00
2.589845754450877280e+00
2.635196014770582629e+00
2.554845344437937538e+00
2.665465088460525767e+00
2.679122061772008401e+00
2.655349434144876675e+00
2.700639477378689257e+00
2.725510968767206332e+00
2.737983922897373024e+00
2.702554348710822563e+00
2.748158994733796323e+00
2.783005228909046558e+00
2.775236703849389919e+00
2.815894585423286856e+00
2.760058111364742217e+00
2.737308301233544405e+00
2.764728196023140683e+00
2.742782286534170666e+00
2.812088390329560372e+00
2.782519211932358516e+00
2.813504551882747950e+00
2.786573573688644334e+00
2.841796867185809816e+00
2.840593098465534094e+00
3.098697962789722649e+00
2.984219055772639795e+00
2.339444521649855169e+00
2.143726338512864871e+00
1.746105991336519558e+00
1.623271840258444287e+00
2.647285108101352868e+00
2.346540964084760983e+00
2.415899586025891832e+00
2.614029748934504127e+00
2.713647278690589637e+00
2.688112105258029239e+00
2.083498631462525452e+00
1.749820032702715800e+00
1.986947757696591488e+00
1.989280389892632783e+00
3.272512698472397119e+00
3.164980101895894737e+00
2.732091082212517730e+00
2.566417948467897947e+00
2.151292781258939524e+00
2.025847857502025118e+00
2.717036661160662003e+00
2.488087793885212395e+00
2.554750281686176017e+00
2.681600650214863268e+00
2.769087503544650719e+00
2.739475967628729247e+00
2.296271293198360652e+00
2.107094821417650365e+00
2.326652741391299628e+00
2.209195803303364070e+00
2.621064889319929758e+00
2.752830796698060301e+00
2.798988735734622146e+00
3.325566289459783054e+00
2.916775510632509505e+00
2.409795851886884943e+00
2.432106908925969702e+00
2.416654465668414797e+00
1.793391273974006106e+00
1.708452987550167057e+00
2.175885445149194464e+00
2.089072854190257900e+00
2.443676100164957621e+00
