-4.101789321274891336e+03
-4.078087997090135104e+03
-4.162644086666505245e+03
-4.217483715693125305e+03
-4.145246177848546722e+03
-4.199043909698819334e+03
-3.893976179530987793e+03
-3.895545003232064118e+03
-3.975970723584384359e+03
-3.967529990000762609e+03
-3.773774043222148066e+03
-3.774285692455953722e+03
-3.815441655326799719e+03
-3.820743583997556016e+03
-3.712068427067858465e+03
-3.698557695744256762e+03
-3.732758956759803368e+03
-3.726412387551727534e+03
-3.690730937166385047e+03
-3.658671206162216549e+03
-3.661634389632751208e+03
-3.694373378318882715e+03
-4.078341362032478173e+03
-4.162861747707289396e+03
-4.145440311485883285e+03
-3.895702936165947904e+03
-3.976259750757203619e+03
-3.774796330180798577e+03
-3.815474167736823802e+03
-3.695083138159540795e+03
-3.733700737652695352e+03
-3.648536938859315796e+03
-3.652632581951867905e+03
1.326054200502645399e+05
1.197259719893061701e+05
2.005148588686739386e+05
1.594092832673460362e+05
3.161323035811495502e+05
3.032878274024373386e+05
1.275217807848013763e+05
2.042786063385974849e+05
2.096194412513396237e+05
7.050135676054209762e+04
6.517230194995882630e+04
8.968045154240701231e+04
7.866261381935032841e+04
4.076981459401803295e+04
3.593576338488295005e+04
4.992840275160699821e+04
4.516048100775100465e+04
7.063659581701819843e+04
1.086749390154891153e+05
4.310797828994930751e+04
6.492176307923525746e+04
2.151236601995202727e+04
1.477008315096635124e+04
2.514376524192529905e+04
2.450110093297973435e+04
1.237655104804565781e+04
3.996064438851617524e+02
7.164164904166333145e+03
1.381047603470807371e+04
2.621412221930177475e+04
4.029231300187302259e+04
1.959581413741253346e+04
2.493735675338060901e+04
1.163901819283256918e+05
1.444831535441886517e+05
1.486305588646489778e+05
1.142662750006577990e+05
1.308524363387479389e+05
1.359992754576675652e+05
2.581131412665801327e+04
2.925342012037848326e+04
3.136747860263008624e+04
3.788101663841836853e+04
3.856965675131449098e+04
4.229953972429710848e+04
1.059731357612551947e+05
1.207085442956539046e+05
1.211294930112175352e+05
1.056835303545322240e+05
1.152167152306327625e+05
1.156037878450812277e+05
4.623438256408101734e+04
4.776366020624570228e+04
4.984076613282070321e+04
6.220140107024583267e+04
6.269213196422824694e+04
6.500582065239362419e+04
1.058157711685439281e+05
1.129840416003209830e+05
1.130690001442683279e+05
1.078459730807058222e+05
1.130449549877046811e+05
1.130897006921187131e+05
7.384940176324194181e+04
7.417443892343777406e+04
7.597519400161864178e+04
8.450127525253823842e+04
8.455872631278427434e+04
8.609031801465051831e+04
-6.051626164018443887e+02
7.109353818785299154e+03
7.970112809267404373e+03
8.019746388063893392e+03
-4.254685943176009459e+02
-2.352484613399901718e+02
1.986447808176164108e+04
1.857512391802824641e+04
2.173931630548914472e+04
3.635003175297376583e+04
3.946436304930732149e+04
4.387858673916888074e+04
-1.116079354897578924e+03
5.710554914681511946e+03
6.514728710476367269e+03
-8.288697875493271567e+02
1.543991738627927771e+04
1.445108604284805551e+04
-1.708628192473042873e+03
4.597580774691170518e+03
5.277460201888447045e+03
-1.326566076148150387e+03
1.169053408295461122e+04
1.098550337782797214e+04
-2.264676097174050028e+03
3.848085481579009866e+03
4.304489934905786868e+03
-1.855096232305861577e+03
8.863067483161639757e+03
8.468140126760199564e+03
-2.566311389023871016e+03
3.561150927963932190e+03
3.705238620728847309e+03
-2.297442229143797249e+03
7.494133499114281221e+03
7.471925778679735231e+03
1.444572308521256491e+04
1.476529340714951104e+04
1.631190131765367914e+04
1.110537612608538184e+05
1.152456306182458211e+05
1.152407959464428131e+05
1.152998189422912401e+05
1.188478171450742811e+05
1.188434155379201984e+05
1.213552146572816418e+05
1.249481089273240068e+05
1.249673439497386426e+05
1.396189968454852642e+05
1.344084784290347015e+05
1.290923863088672806e+05
1.508146852087898587e+05
1.354051393029436585e+05
1.518000296247494407e+05
9.273603966460339143e+04
9.277690955240941548e+04
9.397486974965318223e+04
1.000819050539001764e+05
1.000889759206732560e+05
1.011031330215270136e+05
1.065969671448703448e+05
1.066012133057462052e+05
1.075564243686634873e+05
1.083937504978234210e+05
1.083716290400669968e+05
1.083184891238645941e+05
1.088564563547620346e+05
1.095526982985241630e+05
1.101628023841783288e+05
9.677824439918684948e+04
1.167365909123491147e+05
1.243998363271151175e+05
1.034817868184655381e+05
1.265323890471059131e+05
1.232968709325950476e+05
1.079916624223152612e+05
1.031317456697985908e+05
1.198341496189872123e+05
5.453383984935728222e+04
6.192796601278931485e+04
7.198259452618920477e+04
5.262399490929314925e+04
5.413183320083906438e+04
6.696337994885662920e+04
6.547136126101073751e+04
6.764585729391855421e+04
5.550945775820397103e+04
7.217692041492792487e+04
7.203665708371726214e+04
7.380899598450807389e+04
1.656831698043486540e+04
1.771466430843694616e+04
1.988980582125087312e+04
1.253966803827191470e+05
1.291667312567118497e+05
1.294417888649306551e+05
1.100986682972582057e+05
1.101189878275126248e+05
1.110647209581221541e+05
2.323916463719563326e+05
2.435663404586868128e+05
2.360085860863080015e+05
2.271795003142875212e+05
2.359463656333012914e+05
2.270271384096628171e+05
2.262596249947569449e+05
2.222462439475107822e+05
2.222218285340726143e+05
2.508821758593699196e+05
2.743526981888944283e+05
2.515665404246793187e+05
2.385721105190726812e+05
2.408663062304010964e+05
2.301454139974582358e+05
2.993469911562433117e+05
3.659486984006756102e+05
3.008181400395579403e+05
2.678944516727515729e+05
2.634822534806854092e+05
2.506546619675538968e+05
3.382984083721250063e+05
5.434015721574338386e+05
4.475056273220271687e+05
3.732627120024096221e+05
2.773203962577998755e+05
2.731943444001611206e+05
5.419943288895066362e+05
1.046686197779409820e+06
8.265404510382222943e+05
5.112734110830182908e+05
3.284075616341943969e+05
2.453029678782833507e+05
2.184519578300854482e+05
2.157862117386588943e+05
2.156550199364966538e+05
2.036123647865703679e+05
2.034322535116649815e+05
2.030402824763128301e+05
2.292730084787918313e+05
2.094752413342936197e+05
2.319793078800579242e+05
1.822016516526864434e+05
1.788883058662574622e+05
1.879315479006575188e+05
1.936487586526334926e+05
1.942734476619220513e+05
1.941747161482808588e+05
1.740817423877390975e+05
1.761935573455303092e+05
1.760276589872657205e+05
1.565477964807095996e+05
1.519756457167375193e+05
1.665383298820624186e+05
1.371721562662648503e+05
1.360267823055931658e+05
1.448059525582094793e+05
1.628598439514362253e+05
1.651202017472243751e+05
1.650769354087039828e+05
1.531786514816083945e+05
1.553945029260978336e+05
1.554092065955224098e+05
1.288261047686673701e+05
1.282191973319118551e+05
1.353909898826547433e+05
1.244777106656862161e+05
1.243726869816397957e+05
1.296346277589439414e+05
-8.397832354615384247e+02
1.843342633558466332e+04
2.001151651464739189e+04
1.996122408155539961e+04
-1.024582144222812531e+03
-1.302784722917026102e+03
5.423275767638039542e+04
4.983989755324503494e+04
5.493460593622628949e+04
1.129728606658868666e+05
1.242392218817366374e+05
1.293071850242525106e+05
-3.565727489530390812e+02
1.541511489277282089e+04
1.662775011655339040e+04
-4.964071079960285715e+02
4.471896533229492343e+04
4.141995306686581171e+04
-9.635853338651577360e+01
1.285647671555079432e+04
1.386089823123385213e+04
-1.964420291310680113e+02
3.710192954319073760e+04
3.450977063673397060e+04
-6.123524614918460429e+01
1.066207412582504912e+04
1.157274236264794308e+04
-9.705320871243293368e+01
3.059583734598627052e+04
2.853778996101165103e+04
9.498685662733252684e+03
2.490062656137746308e+04
2.479185819247945619e+04
9.639744258492859444e+03
4.891616277273582818e+04
5.026328260374782985e+04
5.838998128171082499e+04
-2.403468618580927796e+02
-1.747000119298263598e+02
1.503861502466129023e+05
1.525876650191980298e+05
1.526261360824573494e+05
1.514086388304292923e+05
1.537087593716944975e+05
1.537538043494578742e+05
1.628143666907816078e+05
1.660006133307514538e+05
1.659701913432431757e+05
3.706288165674820775e+05
2.520479640237324638e+05
2.359699062349782325e+05
4.292256670379670104e+05
2.506825352842470747e+05
4.317555260566574289e+05
5.361289322176051792e+05
7.199925411860742606e+05
7.422065228513795882e+05
5.132990011355482275e+05
7.727278766041119816e+05
7.760219369910371024e+05
4.443692280738893314e+05
4.079989649049042491e+05
5.728547469322117977e+05
3.009657899322941666e+05
3.555175680339724640e+05
4.125646973867015913e+05
1.244879528630374116e+05
1.244045180264056689e+05
1.289309367623962171e+05
1.267809885469182045e+05
1.267687898173650319e+05
1.308029629955665150e+05
1.331854790425756946e+05
1.332423531557472888e+05
1.376815465463006112e+05
1.696888822256316489e+05
1.489954366963901266e+05
1.485508459903385665e+05
1.762325021459577256e+05
1.585784773594178259e+05
1.901464645606948761e+05
1.284738764948656026e+05
1.566235544191405061e+05
1.623088142806201940e+05
1.337709142422043951e+05
1.710997492036543554e+05
1.701356091608529678e+05
1.319361564718191221e+05
1.294777833648477390e+05
1.568883149738595821e+05
7.584641296846150362e+04
8.401300197379513702e+04
1.006240261423391639e+05
1.770151901414628664e+05
1.829542708619924961e+05
1.827702608056094323e+05
1.382437769303396926e+05
1.383863940674807527e+05
1.436742253785927896e+05
2.439289769624764740e+05
2.433834493513160560e+05
2.359129938703480293e+05
2.362845129935384321e+05
2.359114250460320618e+05
2.362827686103816959e+05
2.434313110960638151e+05
2.359389779926308256e+05
2.359370591281292145e+05
2.744489967150439043e+05
2.733604567821411183e+05
2.510506655801328598e+05
2.517786789223888482e+05
2.735189739794547204e+05
2.511215695855436788e+05
3.628420002415488707e+05
3.590171078939085710e+05
2.972497393302129349e+05
2.987446653911467292e+05
3.597616475682803430e+05
2.975086288933828473e+05
5.088475051067859749e+05
5.099128611028924934e+05
4.309291381339061772e+05
4.377561968599202810e+05
5.864870152413095348e+05
5.975478110087717650e+05
5.982447259859442711e+05
5.871757329471369740e+05
5.114435817449898459e+05
4.322945712013050797e+05
5.992717201465121470e+05
5.999617492653862573e+05
1.317189538124047103e+05
2.712258499994982267e+05
1.193202398553797539e+05
2.014415289865956584e+05
3.087047441291811410e+05
3.161147080250349827e+05
6.998002863112311752e+04
1.118922954915896989e+05
6.501641209943157446e+04
8.968816737915745762e+04
4.027472938766166772e+04
6.278275614295518608e+04
3.587713513371038425e+04
5.001014903412267449e+04
2.089288042960127495e+04
3.588440986623134813e+04
1.476106415175011352e+04
2.536919413473739041e+04
1.155142628057640468e+04
1.845787575335283691e+04
3.758969469478761312e+02
8.108963505148798504e+03
1.855518567949956559e+04
2.405453790622023007e+04
2.545200106905598659e+04
3.967185999684455601e+04
4.275802859619187802e+04
6.471652352484769654e+04
7.075399824210858787e+04
1.291572221384141594e+05
2.122022163489337254e+05
2.200721796055746381e+05
1.092551989096987818e+05
2.452519267378974109e+04
2.531288386792950769e+04
3.028487101286579127e+04
3.788020224968767434e+04
3.660390580300654983e+04
4.107735093941212835e+04
1.174523363006682484e+05
1.377214994593380834e+05
1.524979936890311074e+05
1.323914334711783449e+05
1.139435917893531150e+05
1.361889894003542722e+05
4.734598340616738278e+04
4.837864036134660273e+04
5.101412191364177124e+04
5.905236504553005943e+04
5.877435307519145135e+04
6.171861024609449669e+04
1.077579554718661238e+05
1.217510655759077345e+05
1.227683279183265258e+05
1.154891382029391098e+05
1.052804339666486194e+05
1.161385650764814054e+05
7.327758229619021586e+04
7.362029283928655786e+04
7.547857845653068216e+04
8.158460049584874650e+04
8.149272896489637787e+04
8.321126683829993999e+04
1.061051600488933618e+05
1.133167425266837527e+05
1.134311832205701940e+05
1.125603109714697202e+05
1.068934228939810855e+05
1.126177761455010914e+05
9.039996626894602377e+04
9.045931934750641813e+04
9.170754976972517034e+04
9.798815012536237191e+04
9.801839300149730116e+04
9.903635319867711223e+04
1.096733561854969448e+05
1.140500497117420309e+05
1.140496054343250871e+05
1.134979369636636256e+05
1.170747036804295058e+05
1.170739865995151049e+05
6.776299742585966669e+03
-3.934876900561957882e+02
-5.189004356385858046e+02
7.323698534755645596e+03
-1.584936668713471590e+02
7.725451874696178493e+03
5.334804458746764794e+03
-8.207541696903517732e+02
-1.006182312768682095e+03
5.714717037463775341e+03
3.131560580022654904e+03
-2.378216128002567075e+03
-2.473808325149728262e+03
3.148336816074091985e+03
-2.159161030381292221e+03
3.419922691552212200e+03
4.188910190499980672e+03
-1.387060307673043553e+03
-1.592442788641199968e+03
4.440285929789486545e+03
-1.995122122329607464e+03
3.556525402877607121e+03
1.084107777369759569e+05
1.074261691560142062e+05
1.072955345748578111e+05
1.084438016403693182e+05
1.085005042937282706e+05
1.093383813200069126e+05
1.040481000014946912e+05
1.040490143846733263e+05
1.050030459435651283e+05
1.230574589113492111e+05
1.333883479917259247e+05
1.275839404689655930e+05
1.267853665105807013e+05
1.337495586406498333e+05
1.269029125643780571e+05
1.186547138836334780e+05
1.221609797332802409e+05
1.222002213856138696e+05
3.885634769218965084e+04
4.671165332862662035e+04
5.787827103556296061e+04
6.599147037616628222e+04
4.722233347967963346e+04
7.628084322619775776e+04
1.029071194987206254e+05
1.122482655203608883e+05
1.307717322022746375e+05
1.865635808862736667e+04
2.205626699248322984e+04
2.210046079741327048e+04
1.416366457197858836e+04
1.737096112981428450e+04
6.349015550484538835e+03
7.125320501207339476e+03
7.495302404864209166e+03
1.033493300645697127e+04
1.319500098568457906e+04
9.655255479140285388e+03
1.437884588229130895e+04
1.580318529772935653e+04
1.649927301843891473e+04
2.016033646908364608e+04
2.131364566820414257e+04
2.323589614554210493e+04
5.664158627532141691e+04
5.771482390278513049e+04
5.957216551473643631e+04
1.089273103888289625e+05
7.914224925238989817e+04
7.824485350372575340e+04
1.090029429243421473e+05
8.006568856399405922e+04
1.106596388451960374e+05
1.393957589153549634e+05
1.249080118899326480e+05
1.105057726075044484e+05
1.463594969364619465e+05
1.270604987079836719e+05
1.510095483473290224e+05
1.110276136462046852e+05
1.167311010506840539e+05
1.346833922188758734e+05
7.109166598696385336e+04
7.129733577867307758e+04
7.334009659757179907e+04
2.333075492705653596e+05
2.278170570482730109e+05
2.435171975537767576e+05
2.359822211865392164e+05
2.277889764543966739e+05
2.359214632578434248e+05
2.276847077720225207e+05
2.234497610165953520e+05
2.234205395379617403e+05
2.525478562410011073e+05
2.389243129018507316e+05
2.741958797256165999e+05
2.514957141831144108e+05
2.432860455336105369e+05
2.318535369005672401e+05
3.026226269307757029e+05
2.666551907002942753e+05
3.651679630529758288e+05
3.005335465791104361e+05
3.433981388284488348e+05
3.438903059669776121e+05
5.421195317187625915e+05
4.461734926696431939e+05
5.588909675463489257e+05
3.362542374163445784e+05
1.044535867419809569e+06
8.231018916962357471e+05
2.683583633750128211e+05
2.540624743199170334e+05
2.843958046340424917e+05
2.807649733201288618e+05
3.466898129855431616e+05
2.536424835983858793e+05
2.205850662865364575e+05
2.178368919108200644e+05
2.174746856264106755e+05
2.048591196226965112e+05
2.053551580363110988e+05
2.045844981873474608e+05
2.403529498672416958e+05
2.336217830467966269e+05
2.405894362059932610e+05
1.780640191717676062e+05
1.847401474264533899e+05
1.909073709875578643e+05
1.914612646058772516e+05
1.923372960868896334e+05
1.921341064445376105e+05
1.802433597688215086e+05
1.782270031312272185e+05
1.799999277378109400e+05
1.568998885170840076e+05
1.532624848581123515e+05
1.657695656201247766e+05
1.393262057668227935e+05
1.400784955828124657e+05
1.482988961706936825e+05
1.623885896437085175e+05
1.645895472960961633e+05
1.645332375817122520e+05
1.576589919164456078e+05
1.554024545746622025e+05
1.576563420495014871e+05
1.292682278953494970e+05
1.285547229080983379e+05
1.356599141856300994e+05
1.248889255139035231e+05
1.250630761838176404e+05
1.306018694629360107e+05
1.822736195677037176e+04
-1.188710679133753729e+03
-9.744419506397780424e+02
1.997410133381456035e+04
-1.371131244900397178e+03
1.961862115958633512e+04
1.500294100611069589e+05
1.522650992373473127e+05
1.522965573414054816e+05
1.493147180670714297e+05
1.516135140246195660e+05
1.516268229351823975e+05
1.531459839895474943e+04
-7.742219257967153681e+02
-5.189354531058606881e+02
1.689077314482065049e+04
1.271102887253113295e+04
-4.026413778208252552e+02
-2.114056236164215079e+02
1.402712817445558176e+04
1.045066386309266272e+04
-1.685118871029608272e+02
-7.906077045765050570e+01
1.147811793240061888e+04
1.236811931958510977e+05
1.235590288022450404e+05
1.282347736316685623e+05
1.250452692424613342e+05
1.249905778239518695e+05
1.290310973157483095e+05
9.235031433493271834e+03
-1.681913348065427272e+02
-2.317524676069078851e+02
9.243617644013764220e+03
1.253346837945897132e+05
1.433882066608462483e+05
3.270979699018591782e+05
3.926307672994959867e+05
1.439860224137048644e+05
4.597981245559514500e+05
5.923841202738542343e+05
6.396361275225597201e+05
8.560839095518192044e+05
5.117396494641446770e+04
5.568962388131031912e+04
5.569104006885608396e+04
1.723618586950122553e+05
2.468056695060569036e+05
2.316547453094095690e+05
1.776349907408325817e+05
2.463511261340204219e+05
1.775436948655463930e+05
1.583073192232851288e+05
1.612825535130324715e+05
1.612359086883184791e+05
3.488659704284650506e+05
5.535853784675349016e+05
4.260044143073045416e+05
3.891789734059782350e+05
5.777226236138875829e+05
3.973889849861778785e+05
4.279897385155320808e+04
4.681308989908493095e+04
3.566137114244021359e+04
3.943648705749242072e+04
2.935287400219544361e+04
3.298712975661613746e+04
1.353347458072407462e+05
1.476492793034794158e+05
1.465678401016659045e+05
1.355807792671029747e+05
1.563537535561402910e+05
1.405054291930198669e+05
1.302271897389490623e+05
1.302432375208176963e+05
1.345606915339140978e+05
2.533245423566106547e+04
2.724066927297665825e+04
5.284786319020706287e+04
5.906058629565328010e+04
6.344995076463298756e+04
7.977161313134094235e+04
8.924670837679952092e+04
1.062424141993657686e+05
1.376890313202222460e+05
1.478013995018817077e+05
1.825583746874910430e+05
1.686445231384882063e+05
1.542253959509230626e+05
1.390617815776690259e+05
1.696419143711825600e+05
1.668506460493034974e+05
1.879919947204914642e+05
5.433038362367439549e+05
5.609174791182725457e+05
7.907574449018524028e+05
1.443407358539722045e+05
1.480706698460696207e+05
1.834734473897809803e+05
7.139988835220984765e+04
9.450220776694451342e+04
7.822690136862659710e+04
8.893312389538410935e+04
4.638423523124220810e+04
6.168683081288826361e+04
5.537600033040106064e+04
6.181051042842998868e+04
4.122041709228639957e+04
4.578809958970393927e+04
7.915603902777464828e+04
9.237757949264993658e+04
8.728750360542756971e+04
9.525117669249061146e+04
6.066418451451661531e+04
7.061492288789109443e+04
7.342530188593339699e+04
7.914430608786144876e+04
5.583719650435017684e+04
6.818306805027546943e+04
9.250092858993817936e+04
9.862446855964799761e+04
9.822936510656037717e+04
1.024638344276703137e+05
8.229509417415331700e+04
8.680755254224680539e+04
9.077267046177730663e+04
9.374078625220902904e+04
7.850169039907783736e+04
8.763569409046421060e+04
2.794842746896305471e+04
3.045298170370171283e+04
2.113379459709338698e+04
2.307370517185508288e+04
1.758052152361000844e+04
1.034557746024452063e+05
1.068963239581099042e+05
1.089416905162667681e+05
1.117949235393514973e+05
1.150584431141307286e+05
1.178636271626561065e+05
9.762456076756180846e+04
1.000651387817739305e+05
1.041128991145090986e+05
1.061024522663988464e+05
1.104056011204911483e+05
1.123208522120738344e+05
9.525674129057774553e+04
1.021260231366544613e+05
1.085277310930415406e+05
1.251104141250289249e+05
1.234882664055357891e+05
1.197097747430798481e+05
1.328549198444663780e+05
1.155832150257468165e+05
1.157299643305575883e+05
1.132946548502356891e+05
1.205588092908247199e+05
1.107682677542253077e+05
1.127817150750234869e+05
3.971382014669079945e+04
4.537825286943288665e+04
7.702147384686354781e+04
9.028003453472191177e+04
9.964734618238416442e+04
8.575859715678959037e+04
9.188518456625193357e+04
8.865285156565028592e+04
6.366288195011377684e+04
7.227498721994021616e+04
8.320666961301541596e+04
7.423826515090213798e+04
8.123641917374292098e+04
7.920295865474839229e+04
6.040591552640384180e+04
7.268094961188817979e+04
7.485271549695162685e+04
2.815767656094986887e+04
3.252553149917139672e+04
2.291681335179067901e+04
1.187442977990087820e+05
1.216068967826127046e+05
1.139520547025425913e+05
1.158737383255064778e+05
1.120367464214227803e+05
2.278669273912888602e+05
2.214741277909908094e+05
2.046535329809924297e+05
2.055960456794457859e+05
2.396110385889424069e+05
2.351629762003182259e+05
2.015988803896550671e+05
2.089950961233007838e+05
2.454489193272219272e+05
2.056531595804757089e+05
1.915963647493602475e+05
1.931109833787562093e+05
1.686986456386687350e+05
1.726446576146156585e+05
1.842957800901687879e+05
1.894588689601769438e+05
1.592289723727372184e+05
1.657136649652746855e+05
1.770688416797154932e+05
1.536617884870244598e+05
1.570199079101162788e+05
1.608357884887238324e+05
1.475920140747625264e+05
1.512181042777974508e+05
1.478177781960497960e+05
1.532868694011214538e+05
1.395591013637509022e+05
1.443623445455397887e+05
1.422189311301661946e+05
1.351780603818325035e+05
9.072534437643855927e+04
9.880727165662530751e+04
7.293546082372560340e+04
7.921824721921904711e+04
6.329224298759691010e+04
1.449562668267300469e+05
1.482783534561848501e+05
1.458598545762655267e+05
1.491378079221230873e+05
1.554306450733024685e+05
1.596008849549205042e+05
2.883623032093516085e+05
2.204493456276677025e+05
2.059213093848681019e+05
3.268448448601468699e+05
1.375834655800160544e+05
1.417345659712006745e+05
1.387462334925358591e+05
1.426531591880001361e+05
1.467326471239141538e+05
1.513228688490234199e+05
2.313890066274785786e+05
1.915692486857150216e+05
1.797854343821172370e+05
2.600792285825442523e+05
1.335232512939381704e+05
1.349409438703986234e+05
1.422568713809099281e+05
1.678601720718313882e+05
2.116728438533839071e+05
3.586513271361689549e+05
5.047016836709240451e+05
5.073755458685910562e+05
3.489892317489553243e+05
3.218303629645569017e+05
2.901192818943942548e+05
2.032449810361766140e+05
2.424598372394596809e+05
1.401352657796352287e+05
1.632513680713042850e+05
2.408382929911154206e+05
3.246461946136845509e+05
3.274860604063987266e+05
2.374224120720266656e+05
2.278852756190957734e+05
2.079879725434667489e+05
1.153626122111665318e+05
2.196538449594927079e+05
2.231492510905871750e+05
1.684904784099704411e+05
1.657408013759550813e+05
1.713323437713364256e+05
1.545656906870782550e+05
1.601782501878620824e+05
1.489251779728434340e+05
3.345168917600266286e+04
4.562441850973344117e+04
5.110847218221575167e+04
7.097061402767784602e+04
8.068489607076341053e+04
9.113971514165305416e+04
7.728469966032252705e+04
6.320994187526965106e+04
5.426056766866889666e+04
4.619421328758318123e+04
5.568225831842645130e+04
6.202694122672134836e+04
6.433443703629790980e+04
7.058738569769165770e+04
7.019435000420847791e+04
8.080654839785664808e+04
9.237883048461869475e+04
9.302408328720519785e+04
8.534375283876612957e+04
7.564184273539810965e+04
7.805521230274239497e+04
8.200971130903623998e+04
8.492601741983294778e+04
8.828616904170457565e+04
8.661019662369962316e+04
9.251238613771006931e+04
9.154677546833586530e+04
9.639777936600100657e+04
9.873589576890971512e+04
1.010294494405095611e+05
9.307711669128814538e+04
9.555794183881291247e+04
1.001313496598405618e+05
1.021201619431683212e+05
1.016996269368376961e+05
1.053197449314818659e+05
9.814310024005983723e+04
1.042017118405810324e+05
1.070482913169100066e+05
1.099762829739288136e+05
1.099193854819809203e+05
1.103183067874100961e+05
1.121556109171950666e+05
1.121081926842983812e+05
1.059621350233606208e+05
1.078350276550341514e+05
1.149155314722209150e+05
1.140293012161206716e+05
1.184219902304105344e+05
1.166978082982474443e+05
1.097243802614522574e+05
1.124457453633010155e+05
1.226278989567451208e+05
1.195449400456697331e+05
1.152016812245464971e+05
2.952816171329462668e+04
3.634554854016446916e+04
4.273691142472111096e+04
4.886196240552385279e+04
2.193037864387992522e+04
2.763361060308189917e+04
2.059306685369712795e+04
3.120342372508176049e+04
3.583137690690057934e+04
2.635314165887073250e+04
8.195717523511931358e+04
8.866044658119099040e+04
6.798205155174432730e+04
7.283357245122925087e+04
6.274900986100397131e+04
8.353884494941169396e+04
1.121057333793368307e+05
8.562856083887795103e+04
1.159670864197636984e+05
9.194556017267907737e+04
1.189087279662600631e+05
9.542112369451127597e+04
1.252763592573402275e+05
1.051892705579558824e+05
1.299880582711013849e+05
9.227506051305991423e+04
9.608324700402366580e+04
8.019647022103219933e+04
8.261899587003748456e+04
7.461123397104156902e+04
2.312920836363385897e+05
2.251677597771040455e+05
2.069971333500440523e+05
2.070845812920265016e+05
2.459848303271643235e+05
2.443287571076478926e+05
2.102458146519959555e+05
2.048661978692989214e+05
2.692678328237105161e+05
2.055356594238474499e+05
1.891599400558370398e+05
1.912810904194226605e+05
1.773275206223906716e+05
1.731785252648557653e+05
1.821078510099402047e+05
1.880841398452456342e+05
1.710852437258068239e+05
1.636702806433468359e+05
1.769998743572178355e+05
1.588682882103330339e+05
1.567384242968966719e+05
1.604604280818288389e+05
1.534273930202083138e+05
1.496661746745942510e+05
1.478056977008033136e+05
1.531353352140759816e+05
1.463003839424356702e+05
1.412269747140301333e+05
1.423472902759042918e+05
1.365495839071095397e+05
1.445538842142400099e+05
1.479060422188477532e+05
1.438724549549923104e+05
1.470944455548214610e+05
1.370855654945081333e+05
1.412968871280568128e+05
1.368859843644032080e+05
1.407143959214086935e+05
1.329378041637385613e+05
1.331042985005280352e+05
9.996214819492408424e+04
1.140840428125557373e+05
2.177286886766761891e+05
2.629938621025159955e+05
3.938018812625664868e+05
4.505292218287716387e+05
1.617387341952641727e+05
2.162518146997616859e+05
2.023378348724475654e+05
1.670972298716881487e+05
1.514516238900063618e+05
1.553484959421608946e+05
2.789638039817833342e+05
3.922389134307049681e+05
3.070110154787700158e+05
3.062945354397760238e+05
7.984148031190618349e+04
9.212314911609125556e+04
1.486825722231706604e+05
1.750250560319865472e+05
2.610627807586200070e+05
2.953228684911660384e+05
1.509399368006055010e+05
1.887828328713249066e+05
1.770161764414080535e+05
1.563542645867338870e+05
1.432383956513373414e+05
1.475842704428726865e+05
2.269409426602364692e+05
2.725770330355528276e+05
2.204170467685613839e+05
2.468024599327539327e+05
1.659517381182382815e+05
1.456129092849516601e+05
1.389407798151939351e+05
7.396198971384469769e+04
1.228130507719416928e+05
2.035258120004481461e+05
1.992160116643887886e+05
2.021913827783032903e+05
3.744958937541720225e+05
4.101220689503932372e+05
2.548963172350941459e+05
2.774394378512536059e+05
1.970160503905071528e+05
